% Monthly E and C indices based on ERSST v3b following
% Takahashi et al. (2011, doi:10.1029/2011GL047364)
% (no smoothing is applied)
%
% yy  mm      E         C
1880  01  -1.24307  -1.20191
1880  02  -0.774297  -1.31261
1880  03  0.33561  -1.68796
1880  04  0.636913  -1.76129
1880  05  0.279847  -1.51977
1880  06  0.19363  -1.33313
1880  07  0.140027  -1.00347
1880  08  0.120883  -0.895748
1880  09  0.38082  -0.824918
1880  10  0.579376  -0.876733
1880  11  0.536224  -1.0019
1880  12  0.438341  -1.01628
1881  01  0.481505  -0.665657
1881  02  0.473027  -0.631571
1881  03  0.84884  -0.686996
1881  04  0.591904  -0.596029
1881  05  0.866446  -0.792395
1881  06  0.344298  -0.646463
1881  07  0.31066  -0.687054
1881  08  -0.250164  -0.538565
1881  09  -0.567604  -0.656261
1881  10  -0.946543  -0.738901
1881  11  -1.04922  -0.87779
1881  12  -0.937971  -0.959252
1882  01  -0.571117  -0.75646
1882  02  -0.496548  -0.942288
1882  03  -0.44687  -0.852409
1882  04  -0.339443  -0.61751
1882  05  -0.392237  -0.597813
1882  06  -1.50654  -0.763371
1882  07  -1.32866  -0.825122
1882  08  -1.37054  -0.720755
1882  09  -1.04974  -0.866994
1882  10  -0.41746  -1.41123
1882  11  -0.444272  -1.45323
1882  12  -0.29352  -1.58212
1883  01  -0.286723  -1.15862
1883  02  -0.186455  -0.644532
1883  03  0.0548424  -0.629497
1883  04  0.239018  -0.421227
1883  05  0.0034242  -0.797428
1883  06  0.115279  -0.907945
1883  07  0.325314  -1.01901
1883  08  0.198321  -1.03302
1883  09  0.243248  -1.19768
1883  10  0.466916  -1.30263
1883  11  0.439802  -1.07583
1883  12  -0.857614  -0.297969
1884  01  -0.802683  0.0556054
1884  02  -0.655669  0.104783
1884  03  -0.0583178  0.108423
1884  04  0.0896197  0.0530543
1884  05  -0.285348  -0.191363
1884  06  -0.156926  -0.671884
1884  07  -0.0785984  -0.77205
1884  08  0.182798  -0.594105
1884  09  0.346716  -0.59588
1884  10  0.490859  -0.535183
1884  11  0.825394  -0.520536
1884  12  0.877812  -0.554918
1885  01  0.292675  -0.293238
1885  02  -0.448608  -0.0632574
1885  03  -0.476645  -0.101919
1885  04  -0.771802  0.0700074
1885  05  -0.971451  0.0749975
1885  06  -1.40127  -0.263733
1885  07  -0.851944  -0.703207
1885  08  -0.366573  -0.450406
1885  09  -0.0297492  -0.128351
1885  10  0.177817  0.155754
1885  11  0.530639  0.213312
1885  12  0.493566  0.123423
1886  01  0.0185259  -0.80041
1886  02  -0.808276  -0.680079
1886  03  -1.14933  -0.523175
1886  04  -1.08763  -0.559013
1886  05  -1.31292  -1.32018
1886  06  -1.10098  -1.46574
1886  07  -0.916005  -1.55203
1886  08  -1.15831  -1.53818
1886  09  -0.222401  -2.05001
1886  10  -0.449103  -2.11976
1886  11  -0.54324  -2.22967
1886  12  -0.540771  -2.24065
1887  01  -0.337605  -2.06765
1887  02  -0.274863  -1.72056
1887  03  0.0915335  -1.56851
1887  04  0.0164368  -1.55435
1887  05  -0.0870713  -1.5653
1887  06  -0.0960117  -1.38449
1887  07  0.163401  -1.55496
1887  08  0.456472  -1.52237
1887  09  0.362855  -1.46753
1887  10  0.129434  -1.17236
1887  11  -0.263911  -0.501993
1887  12  0.109399  -0.51797
1888  01  -0.0456812  -0.147262
1888  02  -0.0566724  0.594133
1888  03  0.129486  0.319923
1888  04  0.685101  -0.156073
1888  05  1.3854  -0.673438
1888  06  1.06206  -0.289923
1888  07  1.11577  -0.398507
1888  08  1.41424  -0.329609
1888  09  1.58585  0.122604
1888  10  1.6069  0.559998
1888  11  1.84062  0.641475
1888  12  1.72086  1.12167
1889  01  1.62514  1.51378
1889  02  1.30343  1.09948
1889  03  1.03829  0.493543
1889  04  0.550053  0.270351
1889  05  -0.499797  0.486501
1889  06  -0.335177  -0.336228
1889  07  -0.44884  -1.27474
1889  08  -0.820489  -1.19316
1889  09  -1.14696  -1.21744
1889  10  -0.921904  -1.71494
1889  11  -0.742193  -1.3412
1889  12  -0.672014  -1.36124
1890  01  -0.470434  -1.20176
1890  02  -0.603632  -1.41255
1890  03  -1.45377  -0.816187
1890  04  -0.86109  -1.03418
1890  05  -0.721591  -1.00278
1890  06  -0.352584  -1.15597
1890  07  -0.968868  -1.04678
1890  08  -0.927679  -1.14393
1890  09  -0.859977  -1.2674
1890  10  -1.00063  -1.29998
1890  11  -1.29674  -1.08948
1890  12  -1.06129  -0.472877
1891  01  -0.378706  -0.377973
1891  02  -0.00958473  -0.510196
1891  03  0.455102  -0.861937
1891  04  1.06898  -0.574813
1891  05  0.994322  -0.642696
1891  06  0.907553  -0.693831
1891  07  0.786017  -0.764232
1891  08  0.429038  -1.02548
1891  09  -0.0321873  -0.946476
1891  10  -0.0885728  -0.894696
1891  11  0.105914  -0.644647
1891  12  0.201645  -0.905062
1892  01  0.253231  -1.00071
1892  02  0.1706  -0.981639
1892  03  -0.528988  -0.873493
1892  04  -1.03568  -0.640814
1892  05  -1.31474  -0.915596
1892  06  -2.15617  -0.717672
1892  07  -1.45208  -1.25433
1892  08  -1.29524  -1.34119
1892  09  -1.44555  -1.61443
1892  10  -1.61036  -1.87849
1892  11  -1.49627  -2.16642
1892  12  -1.52192  -1.90768
1893  01  -1.43496  -1.498
1893  02  -1.49704  -1.43868
1893  03  -0.949706  -1.54516
1893  04  -1.00244  -1.48816
1893  05  -0.990378  -1.43666
1893  06  -1.22171  -1.2481
1893  07  -0.587664  -1.56917
1893  08  -0.396232  -2.00649
1893  09  -0.439412  -2.05293
1893  10  -0.718323  -2.21716
1893  11  -0.383855  -2.05795
1893  12  -0.267619  -2.06751
1894  01  -0.495146  -1.66534
1894  02  -0.585921  -1.47771
1894  03  -0.446326  -1.57679
1894  04  -0.410903  -1.38599
1894  05  -0.399653  -1.29866
1894  06  -0.226468  -1.22106
1894  07  -0.0419533  -1.4738
1894  08  -0.232531  -1.47197
1894  09  -0.0927429  -1.67549
1894  10  -0.199484  -1.66079
1894  11  -0.48  -1.45668
1894  12  -0.440523  -1.19269
1895  01  -0.460954  -0.879749
1895  02  -0.568394  -0.676064
1895  03  -1.09087  -0.415045
1895  04  -0.303221  -0.75652
1895  05  -0.149679  -0.643138
1895  06  -0.097571  -0.587841
1895  07  0.125344  -0.651182
1895  08  0.534197  -0.740315
1895  09  0.487406  -0.64522
1895  10  0.366814  -0.372746
1895  11  0.448415  -0.393714
1895  12  0.518476  -0.481729
1896  01  0.241335  -0.451917
1896  02  0.0281067  -0.520609
1896  03  0.0460425  -0.302252
1896  04  0.169076  -0.397872
1896  05  -0.376659  -0.277969
1896  06  -0.0553126  -0.264363
1896  07  0.522813  -0.000495154
1896  08  1.31253  -0.0867476
1896  09  1.27927  -0.0646701
1896  10  1.24162  0.154913
1896  11  1.69883  0.504765
1896  12  2.04141  0.441007
1897  01  1.71707  0.426309
1897  02  1.28629  0.244084
1897  03  0.735305  0.0208254
1897  04  0.31218  -0.52893
1897  05  0.14764  -0.720428
1897  06  0.103191  -0.53856
1897  07  0.142528  -0.572227
1897  08  0.260098  -0.735537
1897  09  0.151149  -0.813679
1897  10  0.289365  -1.09757
1897  11  -0.102884  -1.32036
1897  12  -0.228451  -1.31877
1898  01  -0.240681  -0.830179
1898  02  -0.470707  -0.887055
1898  03  -0.541726  -1.16305
1898  04  -1.03117  -0.723764
1898  05  -1.02202  -0.631614
1898  06  -1.15631  -0.5839
1898  07  -0.336841  -1.1789
1898  08  -0.566374  -1.19632
1898  09  -0.644128  -0.981105
1898  10  -0.0402515  -1.31532
1898  11  -0.132063  -1.46077
1898  12  -0.440238  -1.39914
1899  01  -0.696427  -1.05984
1899  02  -0.746128  -0.925391
1899  03  -0.0882054  -1.17021
1899  04  0.224791  -1.09039
1899  05  0.473091  -0.591842
1899  06  0.366035  -0.575341
1899  07  0.639398  -0.262686
1899  08  1.14783  -0.422597
1899  09  1.5901  -0.276768
1899  10  1.5809  0.216216
1899  11  1.77877  0.514349
1899  12  1.04654  0.844658
1900  01  0.761193  0.890152
1900  02  0.543099  0.959613
1900  03  0.749775  0.468991
1900  04  0.567739  0.44256
1900  05  0.349187  0.37511
1900  06  0.40604  0.0502637
1900  07  0.488932  -0.101755
1900  08  0.368105  -0.552665
1900  09  0.128628  -0.699771
1900  10  0.0919705  -0.494266
1900  11  -0.12474  -0.415723
1900  12  -0.179067  -0.424568
1901  01  -0.440233  -0.0348195
1901  02  -0.790699  0.355212
1901  03  -0.873358  0.15485
1901  04  -0.478573  -0.251747
1901  05  -0.697307  -0.398056
1901  06  -0.970698  -0.490747
1901  07  -0.829154  -0.618567
1901  08  -0.71655  -0.66023
1901  09  -0.462159  -0.784134
1901  10  -0.126527  -0.887151
1901  11  0.299439  -0.741822
1901  12  0.309065  -0.700421
1902  01  0.092881  -0.447023
1902  02  -0.567236  -0.288168
1902  03  -0.483337  -0.22034
1902  04  0.159558  0.065319
1902  05  0.776214  0.132007
1902  06  0.962956  0.218006
1902  07  1.07376  0.531078
1902  08  1.15057  0.499717
1902  09  1.05027  0.499333
1902  10  1.04759  0.532313
1902  11  1.23145  0.605172
1902  12  0.809265  0.843831
1903  01  0.24167  1.11891
1903  02  -0.683953  1.41067
1903  03  -1.20484  1.33471
1903  04  -1.56206  1.08931
1903  05  -1.71247  0.652775
1903  06  -1.58285  0.0792232
1903  07  -1.14136  -0.457622
1903  08  -1.00971  -1.12589
1903  09  -0.864009  -1.37771
1903  10  -0.93822  -1.70475
1903  11  -1.04128  -1.75898
1903  12  -1.03332  -1.7919
1904  01  -0.438964  -1.97682
1904  02  -0.447879  -1.48082
1904  03  -0.903498  -0.790063
1904  04  -0.878806  -0.839492
1904  05  -0.0359745  -1.09921
1904  06  0.319873  -0.89312
1904  07  0.803445  -0.915129
1904  08  1.04413  -0.714953
1904  09  0.977087  -0.465032
1904  10  0.56932  -0.143156
1904  11  0.165894  0.421358
1904  12  0.0239162  0.573079
1905  01  -0.488521  1.29336
1905  02  -0.62173  1.15888
1905  03  -0.406395  0.777499
1905  04  0.574142  0.538602
1905  05  0.817391  0.779693
1905  06  0.790433  0.619098
1905  07  0.566666  1.01105
1905  08  0.542817  1.08049
1905  09  0.557034  1.08792
1905  10  0.66662  0.582345
1905  11  0.412991  0.681779
1905  12  0.417409  0.489788
1906  01  0.443124  0.250812
1906  02  0.241681  0.267789
1906  03  -0.290289  0.397332
1906  04  -0.83011  0.138142
1906  05  -1.2441  -0.0556161
1906  06  -1.4253  -0.224049
1906  07  -1.25266  -0.498799
1906  08  -1.27482  -0.61675
1906  09  -1.36962  -0.746752
1906  10  -1.37732  -0.859606
1906  11  -1.45491  -0.7983
1906  12  -1.46086  -0.766316
1907  01  -1.16372  -0.539209
1907  02  -0.774029  -1.00068
1907  03  -0.878915  -0.880309
1907  04  -0.917859  -0.709822
1907  05  -1.09441  -0.477493
1907  06  -1.28284  -0.296249
1907  07  -0.857019  -0.0901191
1907  08  -0.910195  0.414874
1907  09  -1.03658  0.196691
1907  10  -1.2594  0.227931
1907  11  -0.826295  -0.349239
1907  12  -1.18142  -0.163636
1908  01  -1.50372  0.546062
1908  02  -1.45306  0.197761
1908  03  -1.31291  -0.536148
1908  04  -1.47396  -0.787124
1908  05  -1.21316  -1.15996
1908  06  -1.10954  -1.43894
1908  07  -0.9458  -1.39481
1908  08  -0.828435  -1.58908
1908  09  -0.545615  -1.784
1908  10  -0.666239  -1.76977
1908  11  -0.757745  -1.7849
1908  12  -0.723894  -2.08328
1909  01  -1.16286  -2.01824
1909  02  -1.34294  -1.73461
1909  03  -0.975408  -1.412
1909  04  -1.0514  -1.41613
1909  05  -1.06985  -1.28898
1909  06  -1.01199  -1.39967
1909  07  -0.814892  -1.63819
1909  08  -0.974953  -1.69572
1909  09  -0.932845  -2.30184
1909  10  -1.12465  -2.31804
1909  11  -1.91529  -1.98127
1909  12  -1.85389  -1.90984
1910  01  -0.923495  -2.15763
1910  02  -0.400516  -2.38868
1910  03  -1.57439  -2.12239
1910  04  -1.85952  -1.91354
1910  05  -1.52265  -1.50963
1910  06  -1.10163  -1.5252
1910  07  -0.754415  -1.80151
1910  08  -0.325504  -2.13163
1910  09  -0.202382  -2.28892
1910  10  -0.184318  -2.51666
1910  11  -0.50961  -2.38568
1910  12  -0.731668  -1.95783
1911  01  -0.793985  -1.67681
1911  02  -1.48597  -0.992973
1911  03  -1.7987  -0.733764
1911  04  -1.43414  -0.929002
1911  05  -0.872654  -0.941683
1911  06  0.149477  -0.828746
1911  07  0.206636  -0.717963
1911  08  0.394908  -0.622239
1911  09  0.69469  -0.548287
1911  10  0.878935  0.0375779
1911  11  1.00668  0.0519522
1911  12  1.14815  0.112246
1912  01  0.965416  0.432312
1912  02  0.681402  0.484715
1912  03  0.375091  0.353035
1912  04  0.160731  0.0979696
1912  05  -0.554298  0.0844236
1912  06  -0.864662  -0.129001
1912  07  -0.701636  -0.492734
1912  08  -0.559331  -0.538765
1912  09  -0.302641  -1.0462
1912  10  -0.524056  -1.11605
1912  11  -0.928473  -0.966391
1912  12  -0.790338  -1.00644
1913  01  -0.220962  -0.890201
1913  02  -0.0747267  -0.861393
1913  03  -0.307548  -0.882491
1913  04  -0.700463  -0.446578
1913  05  -0.510729  -0.745762
1913  06  -0.0951677  -0.969556
1913  07  0.0603205  -0.911183
1913  08  0.186302  -0.813545
1913  09  0.160588  -0.84174
1913  10  0.280451  -0.974248
1913  11  0.342452  -0.383077
1913  12  0.47621  0.180208
1914  01  0.520147  0.433995
1914  02  -0.0318151  0.265168
1914  03  -0.266428  0.282038
1914  04  -0.600236  0.197991
1914  05  -0.891499  0.243647
1914  06  -0.712191  -0.0907201
1914  07  -0.21861  -0.00441895
1914  08  -0.185401  0.263277
1914  09  -0.113088  0.623121
1914  10  0.172852  0.612481
1914  11  0.183224  0.72381
1914  12  0.276661  0.790396
1915  01  -0.181318  0.776602
1915  02  -0.367017  0.847681
1915  03  -0.252581  0.434609
1915  04  -0.41113  0.870706
1915  05  -0.0682943  0.554789
1915  06  0.0379697  0.288759
1915  07  0.114845  -1.08518
1915  08  -0.00472927  -1.11032
1915  09  -0.100468  -1.04089
1915  10  -0.361853  -1.22968
1915  11  -0.765649  -1.48775
1915  12  -1.17543  -1.53366
1916  01  -0.836129  -0.929801
1916  02  -0.796153  -0.989758
1916  03  -0.738875  -0.75779
1916  04  -1.03486  -0.961988
1916  05  -1.08683  -0.438542
1916  06  -1.68612  -0.831184
1916  07  -2.05846  -0.798517
1916  08  -2.02337  -1.12318
1916  09  -1.42251  -1.5124
1916  10  -1.59115  -1.99601
1916  11  -1.43474  -2.78909
1916  12  -1.36359  -2.54244
1917  01  -1.4321  -2.00022
1917  02  -1.04047  -2.11372
1917  03  -0.0675911  -2.1318
1917  04  0.221054  -2.59496
1917  05  0.496481  -2.66409
1917  06  0.699583  -2.87527
1917  07  1.09435  -3.0237
1917  08  0.395741  -2.47657
1917  09  -0.653309  -1.8115
1917  10  -0.581472  -2.48936
1917  11  -1.22685  -2.05432
1917  12  -1.51794  -1.78683
1918  01  -1.26263  -0.86092
1918  02  -1.5506  0.067351
1918  03  -0.663191  -1.071
1918  04  -0.330194  -1.11765
1918  05  0.546194  -1.22347
1918  06  0.924646  -0.757702
1918  07  1.03593  -0.677792
1918  08  1.55735  -0.774766
1918  09  1.21645  -0.443143
1918  10  1.26906  0.0403958
1918  11  2.01534  -0.288606
1918  12  0.985845  -0.0448462
1919  01  0.815796  0.0332333
1919  02  0.818606  -0.0507056
1919  03  1.28871  -0.672014
1919  04  0.553568  -0.301994
1919  05  -0.111762  -0.118077
1919  06  -0.611477  -0.194755
1919  07  -0.407725  0.0496148
1919  08  -0.713076  -0.418748
1919  09  -0.539065  -0.231732
1919  10  -0.209739  -0.271667
1919  11  -0.434874  0.160122
1919  12  -0.0413712  -0.129755
1920  01  0.0869245  -0.446145
1920  02  0.19424  -0.14225
1920  03  -0.22417  -0.0620656
1920  04  -0.327212  -0.0169648
1920  05  -0.542503  -0.2558
1920  06  -0.829497  0.596479
1920  07  -1.0376  0.32132
1920  08  -0.834623  0.273717
1920  09  -0.913587  -0.304533
1920  10  -1.27588  -0.602722
1920  11  -0.756283  -1.23624
1920  12  -0.475915  -1.28994
1921  01  -0.621911  -1.02828
1921  02  -0.645916  -1.43596
1921  03  -1.21826  -1.70356
1921  04  -1.32336  -1.80737
1921  05  -0.735942  -1.59964
1921  06  -0.385157  -1.51351
1921  07  -0.0943075  -0.975047
1921  08  -0.168875  -0.319097
1921  09  -0.466855  -0.16471
1921  10  -0.0882621  -0.433433
1921  11  -0.446902  -0.892826
1921  12  -1.53106  -0.513818
1922  01  -1.77081  -0.276933
1922  02  -1.40607  -0.638772
1922  03  -1.13254  -0.444649
1922  04  -1.14052  -0.427657
1922  05  -1.19023  -0.0901013
1922  06  -0.943463  -1.1278
1922  07  -0.834114  -1.20505
1922  08  -1.10329  -1.23822
1922  09  -1.45005  -1.32577
1922  10  -1.40492  -1.51858
1922  11  -1.31111  -1.22351
1922  12  -1.42903  -1.16972
1923  01  -0.772495  -1.35761
1923  02  -0.673398  -1.52453
1923  03  -0.562705  -0.679768
1923  04  -0.0720196  -0.509091
1923  05  -0.0282031  -0.534988
1923  06  0.172411  -0.547505
1923  07  0.491342  -0.819259
1923  08  0.0838687  -0.373913
1923  09  0.0478841  -0.259835
1923  10  -0.247495  -0.00611583
1923  11  -0.347846  0.225672
1923  12  -0.882969  0.563454
1924  01  -1.1899  0.959781
1924  02  -1.14495  0.382858
1924  03  -1.21659  0.0582569
1924  04  -0.973408  -0.230746
1924  05  -1.00135  -0.442793
1924  06  -1.59374  -0.757546
1924  07  -1.25092  -1.23878
1924  08  -1.37793  -1.30174
1924  09  -0.990133  -1.74862
1924  10  -0.687464  -1.98327
1924  11  -0.681082  -2.12526
1924  12  -1.0167  -2.02507
1925  01  -0.703827  -2.03977
1925  02  -0.249441  -1.97516
1925  03  0.261886  -1.64122
1925  04  0.183709  -1.2196
1925  05  0.115462  -1.22925
1925  06  0.32822  -1.08913
1925  07  0.746418  -0.670514
1925  08  0.664033  -0.377911
1925  09  0.231138  -0.11842
1925  10  -0.00339599  0.394223
1925  11  0.015735  0.774349
1925  12  0.0691534  0.968688
1926  01  0.215626  0.896394
1926  02  0.109702  0.723024
1926  03  0.13745  0.511521
1926  04  0.312492  0.370013
1926  05  -0.158482  0.364538
1926  06  -0.462976  -0.041391
1926  07  -0.779296  0.0359672
1926  08  -0.650248  -0.383359
1926  09  -0.789736  -0.714493
1926  10  -0.817052  -1.25987
1926  11  -0.708544  -1.33551
1926  12  -0.27803  -1.32946
1927  01  0.312685  -1.51454
1927  02  0.306968  -1.44184
1927  03  -0.00129189  -1.59624
1927  04  -0.486541  -1.3059
1927  05  -0.538464  -0.880097
1927  06  -0.601576  -0.698648
1927  07  -0.469291  -0.74781
1927  08  -0.344387  -0.692707
1927  09  -0.0763613  -0.652634
1927  10  -0.148653  -0.573561
1927  11  0.0230686  -0.664913
1927  12  -0.628069  -0.193115
1928  01  -0.69413  0.177825
1928  02  -0.580872  -0.0425444
1928  03  -0.340793  -0.476116
1928  04  -0.478501  -0.299917
1928  05  -0.63369  -0.373999
1928  06  -1.0519  -0.547733
1928  07  -0.90302  -0.232824
1928  08  -0.664151  -0.448515
1928  09  -0.671638  -0.69646
1928  10  -0.746074  -0.767083
1928  11  -0.751603  -0.522478
1928  12  -0.981981  -0.528629
1929  01  -1.22688  -0.608079
1929  02  -0.598101  -0.894325
1929  03  -0.129565  -0.909929
1929  04  -0.36042  -0.643964
1929  05  -0.277893  -0.721769
1929  06  0.00275003  -0.774863
1929  07  0.164225  -0.855502
1929  08  0.0839337  -0.720533
1929  09  -0.182416  -0.422949
1929  10  -0.435179  -0.331802
1929  11  -0.225968  -0.426072
1929  12  -0.857385  0.231944
1930  01  -1.30017  0.71352
1930  02  -1.17116  0.616308
1930  03  -0.932436  0.551426
1930  04  -0.349839  0.174108
1930  05  -0.268846  0.0252666
1930  06  0.173235  -0.107444
1930  07  0.614588  -0.0491109
1930  08  0.855682  -0.0415267
1930  09  0.858957  0.210332
1930  10  0.780753  0.540488
1930  11  1.559  0.255475
1930  12  1.43826  0.261177
1931  01  1.44014  0.198625
1931  02  0.973475  0.248421
1931  03  0.940955  -0.244957
1931  04  0.800592  -0.20584
1931  05  -0.240048  0.146891
1931  06  -0.294686  -0.133058
1931  07  -0.322239  -0.173898
1931  08  -0.460559  -0.385769
1931  09  -0.58853  -0.795618
1931  10  -0.679831  -1.18595
1931  11  -1.12758  -0.79135
1931  12  -0.593501  -1.08489
1932  01  -0.0615097  -1.15655
1932  02  0.0956099  -0.82208
1932  03  0.287352  -0.449684
1932  04  0.702851  -0.484817
1932  05  0.842969  -0.514355
1932  06  0.572204  -0.560881
1932  07  0.131736  -0.378777
1932  08  0.153644  -0.877011
1932  09  0.348064  -1.28528
1932  10  0.111209  -0.941884
1932  11  0.0700425  -1.1815
1932  12  -0.349616  -1.08629
1933  01  -0.380768  -0.922976
1933  02  0.0195387  -1.10819
1933  03  0.140419  -1.27166
1933  04  0.12392  -1.33161
1933  05  -0.453034  -1.17022
1933  06  -0.554863  -1.59584
1933  07  -0.265218  -1.88387
1933  08  -0.0564827  -2.3226
1933  09  -0.228054  -2.33036
1933  10  -0.252714  -2.58657
1933  11  -0.116891  -2.65066
1933  12  0.0216317  -2.71214
1934  01  -0.249529  -2.2331
1934  02  -0.231951  -1.89607
1934  03  -0.107921  -1.77295
1934  04  -0.179101  -1.41975
1934  05  -0.599432  -0.740944
1934  06  0.113175  -0.704699
1934  07  0.175601  -0.699337
1934  08  0.337563  -0.971954
1934  09  0.126477  -1.31767
1934  10  -0.466643  -0.846229
1934  11  -0.976617  -0.52619
1934  12  -1.45466  -0.27237
1935  01  -1.47842  -0.263884
1935  02  -1.66731  -0.270973
1935  03  -1.18728  -0.309693
1935  04  -0.0480695  -0.991306
1935  05  0.14764  -1.21752
1935  06  -0.0481213  -1.13221
1935  07  0.228322  -1.00179
1935  08  0.0846096  -0.734778
1935  09  -0.351369  -0.235883
1935  10  -0.15531  -0.406444
1935  11  -0.156352  -0.786809
1935  12  -0.568965  -0.530981
1936  01  -0.874411  -0.130915
1936  02  -0.356545  -0.243749
1936  03  -0.250514  -0.606434
1936  04  0.0987508  -0.476357
1936  05  -0.402649  -0.367834
1936  06  -0.935141  -0.365875
1936  07  -0.706572  -0.584438
1936  08  -0.388166  -0.657
1936  09  -0.443174  -0.530151
1936  10  -0.541093  -0.610945
1936  11  -0.721479  -0.773211
1936  12  -1.3122  -0.694473
1937  01  -1.12348  -0.597017
1937  02  -0.541923  -0.256664
1937  03  -0.299846  -0.319558
1937  04  0.148494  -0.857872
1937  05  0.0730307  -0.826665
1937  06  -0.0342944  -0.723759
1937  07  0.118264  -0.829902
1937  08  0.413154  -0.807543
1937  09  -0.134822  -0.632556
1937  10  -0.451666  -0.294899
1937  11  -0.447848  -0.476161
1937  12  -0.428396  -0.691978
1938  01  -0.480198  -0.989576
1938  02  -0.744973  -0.876225
1938  03  -0.574092  -1.01779
1938  04  -0.895474  -1.15478
1938  05  -0.997673  -0.846782
1938  06  -1.323  -1.01783
1938  07  -0.397704  -1.96565
1938  08  -0.458493  -2.03939
1938  09  -0.603248  -1.49578
1938  10  -0.6989  -1.25848
1938  11  -0.290507  -1.83932
1938  12  -0.523242  -1.79265
1939  01  -0.0825593  -2.10957
1939  02  0.0476328  -1.82343
1939  03  -0.12016  -1.0666
1939  04  0.513668  -1.01764
1939  05  0.758067  -0.903411
1939  06  0.977051  -0.838534
1939  07  1.11144  -0.859557
1939  08  1.00661  -0.584178
1939  09  1.48055  -1.21409
1939  10  1.60398  -1.24748
1939  11  1.22769  -0.841836
1939  12  1.02804  -0.423142
1940  01  0.629028  0.696175
1940  02  0.230422  0.772078
1940  03  0.12832  0.824201
1940  04  0.291422  0.224814
1940  05  0.449752  0.0991993
1940  06  0.102206  0.118866
1940  07  -0.429738  0.346209
1940  08  -0.551289  0.610821
1940  09  -0.636858  0.876315
1940  10  0.0695759  0.469448
1940  11  0.297937  1.02885
1940  12  0.280837  1.40842
1941  01  0.477496  1.47116
1941  02  0.311894  1.73162
1941  03  0.23263  1.34473
1941  04  0.619004  0.878744
1941  05  0.641345  0.603111
1941  06  0.172613  0.605426
1941  07  -0.217566  0.658588
1941  08  -0.411032  0.711473
1941  09  0.0309338  0.268128
1941  10  0.116311  0.58522
1941  11  0.145415  0.885524
1941  12  0.634594  0.760966
1942  01  0.328477  0.764716
1942  02  -0.427341  0.905685
1942  03  -0.863607  0.825043
1942  04  -1.4618  1.16439
1942  05  -1.37006  0.756838
1942  06  -1.99899  0.452246
1942  07  -1.71046  -0.519741
1942  08  -1.51605  -1.16165
1942  09  -1.2093  -1.78245
1942  10  -1.37113  -1.77322
1942  11  -1.30222  -1.93518
1942  12  -0.721593  -2.23968
1943  01  0.177906  -2.65789
1943  02  -0.100462  -2.26727
1943  03  -0.29142  -1.81675
1943  04  0.47489  -1.518
1943  05  0.504049  -1.14925
1943  06  0.431921  -0.623945
1943  07  0.313258  -0.540363
1943  08  0.0283421  -0.60648
1943  09  -0.307375  -1.01037
1943  10  -0.0966996  -1.45675
1943  11  -0.201521  -1.27041
1943  12  -0.8377  -0.85341
1944  01  -0.60327  -0.795343
1944  02  -0.321731  -0.565549
1944  03  0.250298  -0.157496
1944  04  0.319139  -0.0614399
1944  05  -0.27694  -0.24245
1944  06  -0.444886  -0.143186
1944  07  0.149384  -0.0963198
1944  08  0.187701  -0.350184
1944  09  -0.706552  -0.362201
1944  10  -0.827499  -0.966866
1944  11  -1.08591  -0.867624
1944  12  -1.14978  -0.752694
1945  01  -0.113498  -1.25981
1945  02  0.493667  -1.86434
1945  03  0.553079  -2.26731
1945  04  0.435792  -1.97654
1945  05  0.571099  -1.4789
1945  06  0.0482196  -1.19251
1945  07  0.182352  -1.154
1945  08  0.206789  -1.0045
1945  09  0.258725  -1.03687
1945  10  0.0246829  -0.868181
1945  11  0.310002  -0.693359
1945  12  0.0147904  -0.600067
1946  01  0.00582775  -0.212065
1946  02  -0.423091  0.0513419
1946  03  -0.831611  0.181121
1946  04  -0.635045  0.294841
1946  05  -0.746053  -0.155516
1946  06  -1.02223  -0.721088
1946  07  -0.952427  -0.894766
1946  08  -1.0899  -1.0564
1946  09  -0.488356  -1.07078
1946  10  -0.826686  -0.404338
1946  11  -0.697599  -0.506759
1946  12  -0.731235  0.113718
1947  01  -0.734011  0.0814295
1947  02  -0.574479  0.22814
1947  03  -0.618075  0.225783
1947  04  -0.775524  0.161417
1947  05  -1.24235  0.129951
1947  06  -1.31716  0.466966
1947  07  -1.03393  0.0824854
1947  08  -1.17505  -0.330529
1947  09  -1.16134  -0.514787
1947  10  -0.346486  -1.24921
1947  11  -0.566307  -1.46756
1947  12  -0.916094  -0.0517751
1948  01  -0.617168  -0.391656
1948  02  -0.236613  -0.249672
1948  03  0.21045  -0.400701
1948  04  -0.411151  0.390219
1948  05  -0.542219  0.41755
1948  06  -0.880835  -0.568432
1948  07  -1.17341  -0.442788
1948  08  -0.597884  -1.03337
1948  09  -0.762731  -1.51205
1948  10  -0.840358  -1.9767
1948  11  -0.58751  -1.75413
1948  12  -1.26021  0.193871
1949  01  -1.00989  0.27639
1949  02  -0.3231  -0.374245
1949  03  -0.0610621  -0.581935
1949  04  0.109243  -0.414167
1949  05  -0.709259  -0.462311
1949  06  -0.785378  -0.850135
1949  07  -1.37476  -0.528544
1949  08  -1.07802  -0.635669
1949  09  -1.38774  -0.758536
1949  10  -1.47556  -1.29865
1949  11  -1.26116  -1.66475
1949  12  -0.832065  -2.05296
1950  01  -1.31381  -1.67253
1950  02  -1.26612  -1.40329
1950  03  -0.19952  -1.72281
1950  04  -0.533964  -1.6547
1950  05  -0.718312  -1.91511
1950  06  -0.868599  -1.28614
1950  07  -0.659963  -1.20551
1950  08  -0.174312  -1.42367
1950  09  -0.332284  -1.50887
1950  10  -0.220169  -1.58501
1950  11  -0.815317  -1.69296
1950  12  -0.48903  -1.71804
1951  01  -0.031269  -1.52588
1951  02  -0.168023  -1.37522
1951  03  -0.499516  -0.441974
1951  04  -0.237868  -0.250545
1951  05  -0.210652  0.0765382
1951  06  0.848977  -0.583034
1951  07  1.42149  -0.124909
1951  08  1.11431  -0.23642
1951  09  0.67477  0.00161856
1951  10  0.890667  0.0479452
1951  11  0.951403  0.289347
1951  12  0.496453  0.146499
1952  01  -0.0298747  0.216674
1952  02  0.142057  -0.15103
1952  03  0.0343213  -0.0448634
1952  04  -0.584778  0.450728
1952  05  -0.651724  0.314698
1952  06  -0.721213  -0.224882
1952  07  -0.720194  -0.459029
1952  08  -0.556111  -0.486677
1952  09  -1.03989  0.0784141
1952  10  -0.486749  -0.450123
1952  11  -0.885071  -0.337113
1952  12  -0.531969  -0.201053
1953  01  -0.352544  0.251345
1953  02  0.211723  0.180967
1953  03  0.747497  -0.253733
1953  04  0.890536  -0.0354869
1953  05  0.499732  0.0545315
1953  06  0.105271  0.382749
1953  07  8.26252e-05  0.281518
1953  08  0.0248717  0.240552
1953  09  0.316965  -0.0723191
1953  10  -0.231788  0.225296
1953  11  -0.185092  0.299501
1953  12  -0.266252  0.452169
1954  01  -0.960799  0.671609
1954  02  -0.783529  0.520623
1954  03  -0.696701  -0.0417231
1954  04  -2.2228  -0.191237
1954  05  -2.24095  -0.0687453
1954  06  -1.98523  -0.217272
1954  07  -1.71924  -0.602557
1954  08  -1.25964  -1.08202
1954  09  -1.3293  -1.33286
1954  10  -1.35086  -1.37796
1954  11  -1.03821  -1.33027
1954  12  -1.41392  -1.19134
1955  01  -0.700152  -1.03235
1955  02  -0.496084  -1.09258
1955  03  -0.669553  -1.07255
1955  04  -0.994253  -1.07196
1955  05  -1.75568  -0.941205
1955  06  -1.5911  -0.891623
1955  07  -1.22379  -0.841919
1955  08  -1.06528  -1.33408
1955  09  -1.28415  -1.43983
1955  10  -1.49873  -2.31768
1955  11  -1.31559  -2.82793
1955  12  -1.56227  -2.06762
1956  01  -0.920992  -1.48322
1956  02  -0.615503  -0.984778
1956  03  -0.0360879  -1.06675
1956  04  -0.193787  -1.08698
1956  05  -0.729316  -0.78976
1956  06  -0.723881  -0.811303
1956  07  -0.392518  -1.32968
1956  08  -0.194719  -1.6429
1956  09  -0.577854  -1.44385
1956  10  -0.975836  -1.16743
1956  11  -1.09728  -1.03591
1956  12  -1.37021  -0.66562
1957  01  -1.26189  -0.0841349
1957  02  -0.188963  -0.166386
1957  03  0.609813  -0.0242653
1957  04  0.559468  0.35837
1957  05  1.09696  0.212516
1957  06  1.4027  -0.180136
1957  07  1.77684  -0.0227153
1957  08  1.08263  0.432989
1957  09  0.654932  0.438209
1957  10  0.376798  0.605482
1957  11  0.697354  0.829167
1957  12  0.669059  1.20488
1958  01  -0.0111819  2.02829
1958  02  -0.163877  2.07398
1958  03  -0.0609166  1.36015
1958  04  0.150893  0.802095
1958  05  -0.0674017  0.668849
1958  06  -0.0918217  0.577795
1958  07  -0.0519073  0.271644
1958  08  -0.210966  0.0152181
1958  09  -0.339388  -0.250928
1958  10  -0.471147  0.102637
1958  11  -0.508534  0.52257
1958  12  -0.748031  0.570631
1959  01  -0.783409  1.04601
1959  02  -0.464316  0.740923
1959  03  -0.166408  0.468693
1959  04  -0.186652  0.482328
1959  05  -0.443215  0.190305
1959  06  -0.348766  -0.420266
1959  07  -0.446373  -0.702172
1959  08  -0.820662  -0.340922
1959  09  -0.48682  -0.54689
1959  10  -0.218755  -0.511333
1959  11  0.0211462  -0.747178
1959  12  -0.207956  -0.554733
1960  01  0.0496742  -0.70168
1960  02  -0.132176  -0.843872
1960  03  -0.125725  -0.638695
1960  04  -0.455973  -0.331288
1960  05  -0.591778  -0.278764
1960  06  -0.776709  -0.37795
1960  07  -0.639858  -0.262418
1960  08  -0.438538  -0.239789
1960  09  -0.0803728  -0.513318
1960  10  -0.851501  -0.435628
1960  11  -1.01967  -0.324323
1960  12  -0.68219  -0.137769
1961  01  -0.386952  -0.301273
1961  02  0.343036  -0.548561
1961  03  -0.258016  -0.444522
1961  04  0.121381  -0.558828
1961  05  -0.349219  -0.219289
1961  06  -0.521787  -0.0456507
1961  07  -1.31771  -0.122591
1961  08  -1.04737  -0.581112
1961  09  -1.40025  -0.692319
1961  10  -1.13835  -0.787784
1961  11  -0.765356  -0.577563
1961  12  -0.62129  -0.609229
1962  01  -0.336341  -0.759099
1962  02  -0.323278  -0.612873
1962  03  -1.35632  -0.109751
1962  04  -1.64194  -0.0501994
1962  05  -0.998468  -0.610708
1962  06  -0.959927  -0.5237
1962  07  -0.812587  -0.469637
1962  08  -0.451961  -0.613088
1962  09  -0.587369  -0.944544
1962  10  -0.671141  -1.00523
1962  11  -0.763094  -0.966806
1962  12  -1.02559  -0.958455
1963  01  -0.515425  -0.837217
1963  02  -0.670587  -0.329821
1963  03  -0.444815  -0.015376
1963  04  -0.527387  0.223369
1963  05  -0.184018  -0.323061
1963  06  -0.100251  -0.224238
1963  07  0.112375  0.344457
1963  08  0.10561  0.637437
1963  09  -0.135152  0.664896
1963  10  -0.180239  0.876008
1963  11  -0.193691  1.04065
1963  12  -0.151241  0.9508
1964  01  -0.521971  1.00463
1964  02  -0.953637  0.814594
1964  03  -0.923702  0.0359305
1964  04  -1.29408  -0.323369
1964  05  -2.31649  -0.186286
1964  06  -1.43997  -0.870319
1964  07  -0.990738  -0.922721
1964  08  -1.14097  -1.34475
1964  09  -0.349357  -1.94706
1964  10  -0.471909  -1.8285
1964  11  -0.235526  -1.94475
1964  12  -0.85414  -1.71432
1965  01  -0.423011  -1.09506
1965  02  -0.0741219  -0.612846
1965  03  0.198931  -0.495322
1965  04  1.05073  -0.830511
1965  05  1.21055  -0.405782
1965  06  0.979549  0.121746
1965  07  0.868345  0.495853
1965  08  0.951318  0.780793
1965  09  0.43486  0.943044
1965  10  0.320744  1.33089
1965  11  0.622526  1.30165
1965  12  0.585989  1.20909
1966  01  0.424813  1.15305
1966  02  -0.426363  1.28131
1966  03  -1.44212  1.87162
1966  04  -1.32716  1.2714
1966  05  -1.80657  0.768402
1966  06  -1.46997  0.817266
1966  07  -1.23072  0.767565
1966  08  -1.0821  0.264039
1966  09  -1.23905  0.118443
1966  10  -0.940251  -0.00469436
1966  11  -1.33453  0.203644
1966  12  -1.19791  -0.215079
1967  01  -0.759735  -0.420018
1967  02  -0.282182  -0.620916
1967  03  -0.875739  -0.377643
1967  04  -1.15147  -0.192496
1967  05  -0.869044  0.0905305
1967  06  -0.82668  0.186032
1967  07  -0.923067  0.129206
1967  08  -1.34165  -0.0714028
1967  09  -1.80726  -0.350783
1967  10  -1.776  -0.225798
1967  11  -1.78951  0.059708
1967  12  -1.78255  -0.0402961
1968  01  -1.71255  -0.269209
1968  02  -1.71709  -0.277558
1968  03  -1.61307  -0.365221
1968  04  -1.39683  -0.176968
1968  05  -1.51582  -0.322003
1968  06  -1.22647  0.432589
1968  07  -0.273285  0.141099
1968  08  -0.159802  0.052439
1968  09  -0.0314257  -0.155934
1968  10  -0.258025  0.179314
1968  11  -0.638946  0.965594
1968  12  -0.34511  1.08418
1969  01  -0.619475  1.64153
1969  02  -1.1972  2.15022
1969  03  -0.141558  1.09798
1969  04  0.266464  0.674216
1969  05  0.923095  0.348195
1969  06  0.771174  0.0423847
1969  07  0.273692  -0.122638
1969  08  -0.0951121  0.317409
1969  09  -0.15384  0.667893
1969  10  0.276586  0.646863
1969  11  0.363481  0.57885
1969  12  0.587119  0.405253
1970  01  0.395447  0.428911
1970  02  -0.472631  0.629775
1970  03  -0.834017  0.425217
1970  04  -0.797182  0.498865
1970  05  -1.47692  0.450647
1970  06  -1.85664  0.120001
1970  07  -2.26584  -0.00162872
1970  08  -1.71488  -0.684664
1970  09  -0.995343  -1.19332
1970  10  -0.823016  -1.4061
1970  11  -1.17296  -1.17805
1970  12  -0.752983  -1.6699
1971  01  -0.701651  -2.02784
1971  02  -1.02376  -1.62424
1971  03  -0.725833  -1.45362
1971  04  -0.397837  -1.30211
1971  05  -0.769351  -1.06852
1971  06  -1.07791  -1.0168
1971  07  -0.596115  -1.23596
1971  08  -0.953502  -1.263
1971  09  -0.781469  -1.39474
1971  10  -1.03228  -1.44797
1971  11  -0.834843  -1.31958
1971  12  -1.18821  -1.0969
1972  01  -0.210905  -0.898725
1972  02  -0.0130297  -0.386483
1972  03  -0.0351295  -0.0420025
1972  04  0.038292  0.386779
1972  05  0.199597  0.541752
1972  06  1.00676  0.320759
1972  07  1.67552  0.385435
1972  08  2.14545  0.334552
1972  09  1.28233  0.7523
1972  10  1.29429  1.25313
1972  11  1.43273  1.41023
1972  12  1.8163  1.42604
1973  01  1.2072  1.40992
1973  02  0.120727  1.2091
1973  03  -0.216456  0.593905
1973  04  -0.72764  -0.0644151
1973  05  -0.962515  -0.582642
1973  06  -1.19761  -0.727754
1973  07  -0.954747  -1.27194
1973  08  -0.977998  -1.58562
1973  09  -0.79107  -1.87767
1973  10  -0.632847  -2.23045
1973  11  -0.302497  -2.88071
1973  12  -0.457488  -2.96982
1974  01  -0.636652  -2.60568
1974  02  -0.556904  -1.94632
1974  03  -0.274204  -1.64975
1974  04  0.0765389  -1.55744
1974  05  0.14348  -1.52061
1974  06  -0.199879  -1.32518
1974  07  0.101469  -1.40682
1974  08  -0.0371808  -0.98977
1974  09  -0.250192  -1.19899
1974  10  -0.6005  -1.35002
1974  11  -0.613076  -1.42468
1974  12  -0.909265  -1.12486
1975  01  -0.601819  -0.42875
1975  02  -1.01689  -0.242052
1975  03  -0.300957  -0.968665
1975  04  0.129241  -1.16562
1975  05  -0.399842  -1.35315
1975  06  -0.714366  -1.66735
1975  07  -0.329547  -1.85783
1975  08  -0.156169  -2.14091
1975  09  -0.375546  -2.53795
1975  10  -0.619354  -2.69846
1975  11  -0.833019  -2.35292
1975  12  -1.13274  -2.36353
1976  01  -0.827931  -2.25472
1976  02  -0.4904  -1.52228
1976  03  -0.439536  -0.925756
1976  04  -0.0212964  -0.974317
1976  05  0.478204  -0.993835
1976  06  1.31287  -1.02845
1976  07  1.30852  -0.772159
1976  08  1.1497  -0.53281
1976  09  0.982902  -0.245021
1976  10  0.754188  0.281964
1976  11  0.444036  0.484624
1976  12  0.535262  -0.0230537
1977  01  0.612306  0.334865
1977  02  0.22605  0.195918
1977  03  -0.0221665  0.181894
1977  04  -0.519691  -0.0912217
1977  05  -0.414638  0.0698004
1977  06  -0.374226  0.311721
1977  07  -0.543261  0.554209
1977  08  -0.978498  0.454347
1977  09  -1.07433  0.856495
1977  10  -0.612167  0.80959
1977  11  -0.600875  0.875629
1977  12  -0.69238  1.03442
1978  01  -0.612837  1.04664
1978  02  -0.55428  0.662362
1978  03  -0.840653  0.249882
1978  04  -0.885658  -0.256399
1978  05  -1.41201  -0.0280919
1978  06  -1.20229  -0.214348
1978  07  -0.719216  -0.576901
1978  08  -0.993408  -0.518496
1978  09  -0.832638  -0.445974
1978  10  -0.630735  -0.304522
1978  11  -0.180502  -0.349069
1978  12  0.0878555  -0.303217
1979  01  -0.307989  0.0524707
1979  02  -0.436668  0.0189699
1979  03  -0.382598  0.268431
1979  04  0.00835713  0.0675815
1979  05  0.218156  -0.198818
1979  06  0.113678  -0.181533
1979  07  -0.0737704  -0.287493
1979  08  0.295445  -0.421581
1979  09  0.537107  -0.0322284
1979  10  0.429114  0.0391997
1979  11  0.177536  0.293934
1979  12  -0.0697746  0.516835
1980  01  -0.308631  0.846621
1980  02  -0.634056  0.783109
1980  03  -0.55219  0.514562
1980  04  -0.462444  0.377432
1980  05  -0.33785  0.363137
1980  06  -0.330227  0.586332
1980  07  -0.711671  0.456949
1980  08  -0.294189  -0.284644
1980  09  -0.170121  -0.265219
1980  10  -0.6649  -0.0840035
1980  11  -0.338006  -0.0102424
1980  12  -0.365708  -0.046318
1981  01  -1.3312  0.0158592
1981  02  -1.07069  -0.23193
1981  03  -0.431558  -0.341991
1981  04  -0.374029  -0.502532
1981  05  -0.290326  -0.733554
1981  06  -0.245548  -0.637014
1981  07  -0.317542  -0.831715
1981  08  -0.629051  -0.773112
1981  09  -0.327785  -0.489061
1981  10  -0.234558  -0.370139
1981  11  -0.401175  -0.332984
1981  12  -0.183251  -0.147707
1982  01  0.00687395  0.0998011
1982  02  -0.259137  0.109022
1982  03  -0.890517  0.54691
1982  04  -0.71305  0.762327
1982  05  -0.424127  1.03741
1982  06  0.032797  0.922697
1982  07  0.458129  0.310374
1982  08  0.890171  0.504275
1982  09  1.48882  0.751915
1982  10  1.70368  1.31875
1982  11  2.61581  0.937595
1982  12  3.0341  0.9911
1983  01  2.83218  1.16276
1983  02  2.15271  1.09177
1983  03  2.08573  0.654867
1983  04  2.66901  -0.110497
1983  05  3.1105  -0.167798
1983  06  3.51127  -0.781482
1983  07  3.1646  -1.28017
1983  08  2.63133  -1.45367
1983  09  1.61137  -1.60098
1983  10  1.10436  -1.7688
1983  11  0.616652  -1.8399
1983  12  0.339715  -1.35073
1984  01  0.0705748  -0.872888
1984  02  -0.175516  -0.325158
1984  03  0.166755  -0.64996
1984  04  0.375566  -0.993682
1984  05  -0.459388  -0.830013
1984  06  -0.704009  -0.760542
1984  07  -0.444083  -0.566657
1984  08  -0.204327  -0.56908
1984  09  -0.106217  -0.699286
1984  10  -0.400362  -0.894552
1984  11  -0.0343982  -1.48477
1984  12  -0.270713  -1.65835
1985  01  -0.646148  -1.20236
1985  02  -0.838161  -0.57281
1985  03  -0.447955  -0.962708
1985  04  -0.695044  -0.962449
1985  05  -0.933905  -0.892391
1985  06  -0.745636  -0.904249
1985  07  -1.14141  -0.500239
1985  08  -1.23062  -0.399614
1985  09  -1.0647  -0.516956
1985  10  -1.04668  -0.352667
1985  11  -1.09434  -0.169974
1985  12  -0.89131  -0.314376
1986  01  -0.636421  -0.417112
1986  02  -0.288394  -0.315298
1986  03  -0.618936  -0.0152415
1986  04  -0.57899  -0.00324883
1986  05  -0.910017  -0.0561711
1986  06  -0.998754  0.28614
1986  07  -0.348113  0.234337
1986  08  -0.26117  0.453618
1986  09  -0.223125  0.79558
1986  10  -0.106255  0.962838
1986  11  0.0267661  1.18971
1986  12  0.43326  0.930797
1987  01  0.630203  0.958325
1987  02  0.554002  1.24256
1987  03  0.878391  1.07482
1987  04  1.0432  0.642997
1987  05  1.27918  0.451425
1987  06  0.675312  0.911181
1987  07  0.906614  1.01903
1987  08  0.834881  1.31104
1987  09  1.04461  1.36419
1987  10  0.834467  1.25868
1987  11  0.597085  1.2672
1987  12  0.543462  1.0553
1988  01  0.0412117  1.20978
1988  02  -0.475157  0.687885
1988  03  -0.611753  0.534036
1988  04  -0.690508  0.0417038
1988  05  -1.03435  -0.659397
1988  06  -1.36759  -1.27065
1988  07  -1.36078  -1.45059
1988  08  -1.28207  -1.06442
1988  09  -0.89742  -1.20649
1988  10  -0.521952  -2.44115
1988  11  -0.286322  -2.61111
1988  12  -0.336535  -2.62699
1989  01  0.229581  -2.74612
1989  02  0.430683  -2.2952
1989  03  -0.093608  -1.6487
1989  04  0.0842327  -1.35153
1989  05  -0.599964  -0.729794
1989  06  -0.162168  -0.729897
1989  07  -0.294837  -0.773286
1989  08  -0.0583237  -0.972357
1989  09  -0.405949  -0.569572
1989  10  -0.395031  -0.660647
1989  11  -0.314864  -0.637803
1989  12  -0.621637  0.0473481
1990  01  -0.710968  0.400602
1990  02  -0.262181  0.575333
1990  03  -0.691725  0.602734
1990  04  -0.487396  0.525121
1990  05  -0.203162  0.330632
1990  06  -0.323615  0.213422
1990  07  -0.527238  0.506586
1990  08  -0.468501  0.58966
1990  09  -0.627056  0.590492
1990  10  -1.04246  0.851637
1990  11  -1.0636  0.880954
1990  12  -1.12531  1.14927
1991  01  -1.06041  1.366
1991  02  -0.909901  1.11245
1991  03  -0.626348  0.71977
1991  04  -0.693022  0.96045
1991  05  -0.323596  1.01597
1991  06  0.0849024  0.999193
1991  07  0.333008  1.0119
1991  08  -0.0983669  0.98757
1991  09  -0.113124  0.802658
1991  10  -0.0306328  1.13361
1991  11  0.126208  1.37257
1991  12  0.130143  1.65726
1992  01  0.288069  1.65282
1992  02  0.225563  1.67168
1992  03  0.561708  1.33093
1992  04  1.21441  0.972
1992  05  1.25026  0.879348
1992  06  0.447205  0.767306
1992  07  -0.499148  0.816986
1992  08  -0.443035  0.474768
1992  09  -0.28678  0.154893
1992  10  -0.423109  -0.0185149
1992  11  -0.443337  0.170176
1992  12  -0.691075  0.471673
1993  01  -0.398575  0.895793
1993  02  0.274242  0.662951
1993  03  0.345092  0.503867
1993  04  0.897849  0.558264
1993  05  1.14846  0.519931
1993  06  0.663056  0.245141
1993  07  0.384991  0.362212
1993  08  0.203951  0.341518
1993  09  -0.160569  0.595883
1993  10  0.240755  0.289383
1993  11  -0.0864402  0.393439
1993  12  -0.384599  0.594037
1994  01  -0.260831  0.562268
1994  02  -0.395427  0.425126
1994  03  -0.968301  0.683138
1994  04  -1.27331  0.917733
1994  05  -0.871493  0.853965
1994  06  -0.832952  0.859879
1994  07  -1.25509  1.20615
1994  08  -1.49342  1.39743
1994  09  -0.917376  1.14491
1994  10  0.0320705  1.16766
1994  11  0.0760902  1.52983
1994  12  0.0713395  1.53841
1995  01  0.181896  1.3236
1995  02  -0.45324  1.46476
1995  03  -0.978032  1.44566
1995  04  -1.53315  1.34704
1995  05  -1.49676  0.863349
1995  06  -0.931898  0.66698
1995  07  -0.583409  0.355716
1995  08  -0.984546  -0.0650429
1995  09  -0.866905  -0.405998
1995  10  -0.752928  -0.559997
1995  11  -0.535734  -0.821913
1995  12  -0.80605  -0.673326
1996  01  -0.609428  -0.588809
1996  02  -0.359708  -0.72374
1996  03  -0.187172  -0.53553
1996  04  -1.14208  -0.104701
1996  05  -1.00064  -0.0944521
1996  06  -0.977574  -0.0146131
1996  07  -0.813403  -0.192325
1996  08  -0.701681  -0.129917
1996  09  -0.455647  -0.401392
1996  10  -0.702304  -0.236081
1996  11  -1.00115  -0.020463
1996  12  -1.47652  -0.0694379
1997  01  -1.33329  0.118174
1997  02  -0.911453  0.2548
1997  03  -0.225537  0.301573
1997  04  -0.159651  0.743132
1997  05  1.03123  0.706001
1997  06  2.24133  0.426192
1997  07  2.87095  0.624761
1997  08  3.35874  0.661648
1997  09  3.31524  0.990242
1997  10  3.35888  1.0993
1997  11  3.7815  0.980932
1997  12  3.94638  0.783694
1998  01  3.42134  1.08575
1998  02  2.81411  0.905601
1998  03  2.61549  0.43741
1998  04  2.75601  -0.182111
1998  05  2.69175  -0.513514
1998  06  2.19521  -1.24981
1998  07  1.66662  -1.57368
1998  08  1.47206  -1.84035
1998  09  0.845103  -1.99716
1998  10  0.770011  -2.31146
1998  11  0.702564  -2.17237
1998  12  0.621408  -2.42795
1999  01  0.407903  -2.476
1999  02  0.462793  -2.06947
1999  03  0.90334  -1.91022
1999  04  -0.0955484  -1.27878
1999  05  -0.0825054  -1.22998
1999  06  -0.188277  -1.31378
1999  07  -0.0231078  -1.45341
1999  08  0.0796029  -1.6206
1999  09  -0.483367  -1.4034
1999  10  -0.518906  -1.52918
1999  11  -0.501485  -1.93361
1999  12  -0.253149  -2.26614
2000  01  -0.440068  -2.10093
2000  02  0.0711766  -2.19
2000  03  0.454627  -1.94307
2000  04  0.987381  -1.83281
2000  05  0.621939  -1.64832
2000  06  -0.000957435  -1.12723
2000  07  -0.442336  -0.605908
2000  08  -0.583194  -0.529534
2000  09  -0.0892574  -0.693197
2000  10  -0.0137175  -0.985315
2000  11  -0.526509  -0.971747
2000  12  -0.0715921  -1.32989
2001  01  0.283657  -1.28674
2001  02  0.689318  -1.26154
2001  03  0.966859  -1.20692
2001  04  0.694719  -0.967805
2001  05  0.0359057  -0.382813
2001  06  -0.29363  -0.0335313
2001  07  -0.588463  0.375222
2001  08  -0.796  0.50027
2001  09  -1.28218  0.503777
2001  10  -1.20388  0.455649
2001  11  -1.35508  0.35881
2001  12  -1.13738  0.158787
2002  01  -1.06702  0.541636
2002  02  -0.584614  0.491008
2002  03  0.367036  0.200863
2002  04  0.0427749  0.419329
2002  05  0.0745447  0.783325
2002  06  -0.0334253  1.02906
2002  07  -0.377099  1.12088
2002  08  -0.197553  0.987909
2002  09  0.10656  0.938185
2002  10  0.30832  1.05706
2002  11  0.594384  1.31166
2002  12  0.550481  1.4289
2003  01  0.165533  1.29488
2003  02  -0.191241  1.22735
2003  03  -0.182994  0.955487
2003  04  -0.644808  0.513282
2003  05  -1.23373  0.201512
2003  06  -0.990055  0.418197
2003  07  -0.354136  0.655593
2003  08  0.0572045  0.537698
2003  09  -0.286858  0.486025
2003  10  0.183583  0.578872
2003  11  0.4656  0.416636
2003  12  0.457824  0.438022
2004  01  0.295466  0.474784
2004  02  0.177732  0.453936
2004  03  -0.0892575  0.25905
2004  04  -0.220167  0.313018
2004  05  -0.955907  0.587145
2004  06  -0.712118  0.662848
2004  07  -0.80866  1.00638
2004  08  -0.764679  1.25815
2004  09  -0.575724  1.2613
2004  10  -0.179249  1.16697
2004  11  0.354707  0.874078
2004  12  0.0153259  1.06074
2005  01  -0.586272  1.43695
2005  02  -1.18972  1.24713
2005  03  -1.13363  1.09982
2005  04  -0.50601  0.776247
2005  05  -0.0919499  0.60119
2005  06  -0.2534  0.49686
2005  07  -0.0533615  0.186045
2005  08  -0.237129  0.275786
2005  09  -0.689527  0.26803
2005  10  -1.00171  0.312414
2005  11  -1.53498  -0.115259
2005  12  -1.16296  -0.604903
2006  01  -0.334298  -1.08389
2006  02  0.417144  -1.15136
2006  03  -0.00357892  -0.748528
2006  04  -0.705602  -0.0957283
2006  05  -0.296502  0.150279
2006  06  -0.268515  0.302633
2006  07  -0.0889275  0.322842
2006  08  0.322183  0.538841
2006  09  0.648499  0.559275
2006  10  0.767439  0.815552
2006  11  0.639704  1.2026
2006  12  0.939837  1.07045
2007  01  0.946739  0.612323
2007  02  0.26323  0.343016
2007  03  -0.634492  0.440189
2007  04  -0.83087  0.249372
2007  05  -1.21777  0.110965
2007  06  -0.999983  0.149199
2007  07  -0.752797  -0.136777
2007  08  -1.28977  -0.259932
2007  09  -0.943402  -0.802292
2007  10  -1.30906  -0.884294
2007  11  -1.36073  -1.11206
2007  12  -1.19762  -1.33209
2008  01  -0.0969053  -2.04662
2008  02  0.7078  -2.56918
2008  03  0.742621  -2.02576
2008  04  0.868566  -1.64093
2008  05  0.868921  -1.44541
2008  06  0.714913  -1.19374
2008  07  1.26756  -1.19721
2008  08  1.32069  -1.02186
2008  09  1.15415  -1.02104
2008  10  0.960625  -0.900892
2008  11  0.332081  -0.974561
2008  12  0.0937011  -1.26968
2009  01  0.277006  -1.4111
2009  02  0.179736  -1.04486
2009  03  -0.34878  -0.571917
2009  04  0.138797  -0.139499
2009  05  0.434085  0.154351
2009  06  0.659143  0.287469
2009  07  0.778581  0.30713
2009  08  0.543889  0.606327
2009  09  0.227395  0.896715
2009  10  -0.142811  1.49528
2009  11  -0.234124  2.03102
2009  12  -0.166414  2.23701
2010  01  -0.400543  2.21834
2010  02  -0.197201  1.77519
2010  03  -0.157169  1.39083
2010  04  0.0176679  0.94728
2010  05  0.0240106  0.166291
2010  06  -0.00046047  -0.649579
2010  07  -0.41371  -1.02978
2010  08  -0.610758  -1.53166
2010  09  -0.388124  -2.07099
2010  10  -0.433514  -2.19715
2010  11  -0.756922  -1.89261
2010  12  -0.41488  -1.89347
2011  01  -0.237785  -1.94901
2011  02  0.0824187  -1.59522
2011  03  -0.385623  -1.09992
2011  04  0.0263169  -0.762998
2011  05  0.0339384  -0.565895
2011  06  0.297004  -0.41884
2011  07  0.217779  -0.478281
2011  08  -0.0569319  -0.663935
2011  09  -0.304445  -1.01273
2011  10  -0.697599  -1.09625
2011  11  -0.392329  -1.44406
2011  12  -0.34872  -1.5835
2012  01  0.241753  -1.39815
2012  02  0.722567  -1.24087
2012  03  0.88383  -1.06165
2012  04  1.04485  -0.910491
2012  05  1.17061  -0.894561
2012  06  1.25346  -0.701331
2012  07  0.786371  -0.320537
2012  08  0.271169  0.169233
2012  09  0.00821455  0.631302
2012  10  -0.579523  0.794702
2012  11  -0.844776  0.813828
2012  12  -0.949848  -0.0677196
2013  01  -0.691707  -0.425643
2013  02  -0.291233  -0.589672
2013  03  0.0856249  -0.757486
2013  04  -0.484098  -0.0715734
2013  05  -1.00355  0.0485308
2013  06  -1.41546  0.0980898
2013  07  -1.18173  0.0569849
2013  08  -0.9389  -0.0913838
2013  09  -0.724389  -0.172042
2013  10  -0.551388  -0.00615987
2013  11  -0.187304  -0.312313
2013  12  -0.147511  -0.555938
2014  01  -0.0481585  -0.736134
2014  02  -0.677678  -0.285413
2014  03  -0.281558  -0.0918023
2014  04  -0.268975  0.331723
2014  05  0.395094  0.331632
2014  06  0.943437  -0.0759836
2014  07  0.899261  -0.102767
2014  08  0.455236  0.013098
2014  09  0.212225  0.277858
2014  10  0.319677  0.580111
2014  11  0.3556  0.975787
2014  12  0.270164  0.845839
2015  01  -0.0775596  1.04708
2015  02  -0.691627  1.29436
2015  03  -0.463624  1.24363
2015  04  -0.0485139  1.51213
2015  05  0.53837  1.23161
2015  06  1.17392  1.05571
2015  07  1.60315  1.12605
2015  08  1.41399  1.48987
2015  09  1.76094  1.5284
2015  10  1.75795  1.95766
2015  11  1.91098  2.31394
2015  12  2.00838  2.01266
2016  01  1.87391  1.92528
2016  02  1.17767  1.95446
2016  03  0.941443  1.5373
2016  04  0.510946  1.20614
2016  05  0.335757  0.523793
2016  06  0.346233  -0.0660834
2016  07  0.191661  -0.570115
2016  08  0.0643768  -0.661914
2016  09  0.365595  -0.981971
2016  10  0.327104  -1.28588
2016  11  0.544928  -1.3947
2016  12  0.658588  -1.26882
2017  01  0.442711  -0.787091
2017  02  0.791094  -0.695659
2017  03  1.18567  -0.836942
2017  04  0.965936  0.054584
2017  05  0.371255  0.409301
2017  06  -0.125374  0.321282
2017  07  -0.30411  -0.116653
2017  08  -0.442113  -0.421453
2017  09  -0.767789  -0.6454
2017  10  -1.21503  -0.0687764
2017  11  -0.941312  -0.654429
2017  12  -0.978599  -1.24638
2018  01  -1.03559  -1.17979
2018  02  -0.910762  -0.983954
2018  03  -1.06568  -0.534994
2018  04  -0.601027  -0.0406955
2018  05  -0.478943  0.342775
2018  06  -0.786303  0.679371
2018  07  -0.319522  0.178707
2018  08  -0.657572  0.787843
2018  09  -0.485218  0.997401
2018  10  -0.146258  1.47254
2018  11  -0.0780976  1.57555
2018  12  0.621408  1.13035
2019  01  0.541105  1.1119
2019  02  -0.367639  1.25431
2019  03  -0.231057  1.28337
2019  04  0.289602  1.08547
2019  05  0.258217  0.718408
2019  06  -0.0783935  0.76906
2019  07  -1.07123  1.23922
2019  08  -1.46229  1.56082
2019  09  -1.25391  1.65479
2019  10  -1.43292  1.54058
2019  11  -0.740086  1.42138
2019  12  -1.07314  1.63543
2020  01  -1.04023  1.54222
2020  02  -0.732498  1.13995
